343
1311
295
1746
1017
1739
1441
23
1171
1230
575
1882
529
1351
689
804
1881
843
498
1188
942
938
357
1693
376
842
985
374
1594
592
449
75
739
1328
1135
1357
1939
1707
351
1430
903
600
801
939
578
69
1460
1704
1118
1443
1246
1070
1916
1604
1664
217
1064
1889
1503
1080
1645
1253
726
1714
1213
674
354
551
95
1058
1139
1839
705
208
9
1515
212
159
379
375
1677
13
721
1279
44
1152
1938
1360
1609
708
1558
964
825
974
326
1229
11
408
1536
766
1514
1169
479
99
1237
1273
552
1000
1249
367
883
1915
404
1408
127
1636
1570
1872
115
1593
1055
1522
816
1763
437
285
132
673
995
1176
483
239
703
444
1343
720
1066
791
1300
1822
1018
1842
277
78
430
1761
1293
1549
482
862
1021
108
322
500
980
1830
372
253
1433
1364
187
1584
1226
1053
451
895
790
1812
229
1198
178
1538
1294
1970
1904
1797
1035
1721
1873
70
7
1140
17
604
565
654
1122
420
1660
1143
1700
1524
71
783
1248
290
1615
657
1346
1466
1565
419
445
1945
447
397
1005
941
557
728
884
49
20
971
649
1251
585
1151
440
1950
219
1112
1125
56
1550
464
1918
121
1729
1519
1923
905
1196
860
1469
1730
864
837
1393
704
878
841
968
1124
1964
474
1373
352
1672
154
515
1624
365
798
1471
643
564
150
925
50
786
562
202
1925
436
110
1383
192
236
1578
1631
272
893
1044
1129
660
1183
1532
1330
1109
411
166
1287
117
1166
452
423
1297
755
667
72
1041
611
276
471
1694
1715
318
1493
1127
563
1475
845
1587
855
92
1961
709
174
1936
1799
1434
1079
389
1937
1702
1926
484
675
854
1104
1015
882
1014
653
1905
1670
848
1216
1350
1332
131
771
936
1310
1201
467
1480
1090
1648
865
323
1099
203
593
1681
764
1444
486
663
991
442
1362
167
417
1506
1692
606
1765
1313
778
627
314
1623
1427
1545
1895
915
1849
293
690
499
582
1782
1421
1290
596
1679
1023
1001
237
47
428
349
363
1525
1277
1675
30
1002
1156
1161
243
100
933
8
1271
998
1486
337
543
1651
1928
1142
264
1417
1429
1043
754
356
146
986
1447
1490
1185
206
901
1811
1838
1115
1580
1953
1069
194
1024
1020
803
615
1439
929
988
5
1450
659
1266
1440
1586
1292
35
1574
907
1810
324
1012
554
1548
635
983
1699
871
1827
1992
1773
922
25
1144
1671
826
1908
1160
1227
1349
434
246
944
866
1963
1072
1617
1412
303
1238
570
970
1943
1518
85
1614
1304
909
1511
1843
632
1136
51
1158
921
299
1785
1197
522
195
1348
695
566
1187
1666
717
16
817
806
773
279
1126
966
120
1086
852
1596
1676
297
581
1010
335
395
1678
1869
576
58
152
265
312
1259
850
1630
1927
27
1557
1741
1560
1157
503
1732
1334
1314
412
960
1567
196
251
291
1804
1217
987
624
281
977
1600
840
1597
255
1162
1775
1299
1819
123
813
1409
1047
1973
1554
831
1646
1448
696
307
125
1159
1731
617
1482
1516
54
505
1380
923
1339
1818
1048
916
1312
1302
458
1541
513
413
234
1582
935
769
1975
1583
1233
129
175
1800
1526
1153
1173
1465
836
517
1039
1155
679
331
22
107
275
1995
1038
1977
1510
418
989
1060
1680
1898
205
1148
516
1468
595
358
789
1914
511
1521
879
1859
1703
1306
1834
612
1836
393
491
1612
1242
1074
1083
546
168
225
1638
463
1098
1603
111
1622
199
179
1223
1059
1133
1423
1523
768
1108
1019
1874
906
1395
392
1901
1862
1754
732
1879
106
961
601
409
185
539
634
1709
553
332
832
602
1837
1436
1611
144
262
1581
561
1451
369
93
1946
478
621
143
1661
1701
698
1065
784
699
737
1742
1668
713
586
591
1107
1779
1137
1999
742
1195
1722
1004
1758
794
1740
555
1117
757
738
710
1894
1355
213
1270
46
1720
894
1484
1497
946
64
978
1042
697
702
68
1866
1635
1363
39
782
1711
506
1209
1713
122
1885
1051
1371
1966
388
1893
640
441
820
945
712
1737
1575
605
218
1387
1483
330
21
1260
1267
170
1272
1944
1980
1820
1840
1887
927
824
1794
858
670
1555
147
913
890
756
962
763
1591
870
112
1989
321
292
494
87
1986
580
888
1529
1344
387
1903
1857
1606
1656
656
512
1398
750
232
1860
619
1637
1787
1993
220
487
590
1718
1736
1517
943
827
1006
911
1192
994
488
1181
1786
1391
1941
714
422
1947
1415
1535
1420
32
1502
294
1942
1590
1179
1478
748
1601
1414
1902
687
62
361
1071
1303
1972
931
169
1969
1572
466
268
305
1910
481
1488
1354
157
1399
501
215
897
1752
823
1130
1228
747
793
1665
919
665
1544
1030
1563
1816
700
631
1568
476
468
1940
1833
868
1577
231
1239
1022
1748
1138
1438
1100
124
1616
869
1751
1933
405
1696
1774
1831
130
947
1481
353
242
1222
1016
1492
1247
396
1426
34
1096
1031
119
1821
1920
902
1370
881
545
839
616
1813
583
1087
189
151
1401
950
527
97
156
1307
969
1530
116
240
52
74
918
963
1745
497
134
1372
1629
472
1097
1274
1735
1174
459
1411
1562
1543
715
198
1114
1979
1374
1403
334
138
1358
876
587
224
378
573
1220
598
952
1032
509
1750
797
105
1342
1783
63
61
1407
544
384
1832
1803
1619
1974
